[[-0.11087, -3.28924, 4.0, 0.04281],
[0.00309, -3.3518, 4.0, 0.0325],
[0.11704, -3.41436, 4.0, 0.0325],
[0.26716, -3.49678, 4.0, 0.04281],
[0.53122, -3.64176, 4.0, 0.07531],
[0.79529, -3.78674, 4.0, 0.07531],
[1.05936, -3.93172, 4.0, 0.07531],
[1.32342, -4.07671, 4.0, 0.07531],
[1.58749, -4.22169, 4.0, 0.07531],
[1.85157, -4.36664, 4.0, 0.07531],
[2.11566, -4.51158, 4.0, 0.07531],
[2.37975, -4.65651, 4.0, 0.07531],
[2.6438, -4.80153, 4.0, 0.07531],
[2.9078, -4.94666, 4.0, 0.07531],
[3.1719, -5.09111, 4.0, 0.07526],
[3.43619, -5.23401, 4.0, 0.07511],
[3.70083, -5.37432, 4.0, 0.07488],
[3.96595, -5.51096, 4.0, 0.07456],
[4.23165, -5.64284, 3.88362, 0.07638],
[4.49803, -5.76868, 3.40003, 0.08665],
[4.76514, -5.8871, 3.01951, 0.09677],
[5.033, -5.99659, 2.67777, 0.10806],
[5.30156, -6.09527, 2.34925, 0.12179],
[5.57071, -6.1809, 2.08155, 0.13569],
[5.84017, -6.25066, 2.08155, 0.13372],
[6.1094, -6.30053, 2.08155, 0.13154],
[6.37739, -6.32622, 2.08155, 0.12934],
[6.64241, -6.3225, 2.08155, 0.12733],
[6.90131, -6.28217, 2.08155, 0.12588],
[7.14812, -6.19703, 2.33719, 0.11171],
[7.3816, -6.07749, 2.52502, 0.10388],
[7.60098, -5.92907, 2.70307, 0.09799],
[7.80571, -5.75591, 2.87195, 0.09336],
[7.99531, -5.56135, 3.0244, 0.08982],
[8.16924, -5.34827, 3.19277, 0.08615],
[8.32731, -5.11961, 3.29774, 0.08429],
[8.46885, -4.87768, 3.38103, 0.0829],
[8.5932, -4.62484, 3.39626, 0.08296],
[8.69963, -4.36341, 3.31111, 0.08525],
[8.78748, -4.09568, 3.21962, 0.08752],
[8.85639, -3.82383, 2.9544, 0.09492],
[8.90615, -3.54985, 2.72004, 0.10238],
[8.93671, -3.27544, 2.426, 0.11381],
[8.94787, -3.00215, 2.1774, 0.12561],
[8.93917, -2.73152, 2.0, 0.13539],
[8.91012, -2.46504, 2.0, 0.13403],
[8.85783, -2.20499, 2.0, 0.13263],
[8.77938, -1.95434, 2.0, 0.13132],
[8.66981, -1.718, 2.0, 0.13025],
[8.52415, -1.50305, 2.0, 0.12983],
[8.33939, -1.31892, 2.22115, 0.11744],
[8.1259, -1.16416, 2.49379, 0.10573],
[7.8913, -1.03551, 2.79066, 0.09588],
[7.64081, -0.92969, 3.13745, 0.08667],
[7.37837, -0.84336, 3.54852, 0.07786],
[7.10696, -0.77323, 4.0, 0.07008],
[6.82909, -0.71577, 4.0, 0.07094],
[6.54657, -0.668, 4.0, 0.07163],
[6.26102, -0.62682, 4.0, 0.07213],
[5.974, -0.58891, 4.0, 0.07238],
[5.6843, -0.54794, 4.0, 0.07315],
[5.39532, -0.50406, 4.0, 0.07307],
[5.10722, -0.45695, 4.0, 0.07298],
[4.82015, -0.40622, 4.0, 0.07288],
[4.53437, -0.35122, 4.0, 0.07276],
[4.25025, -0.29104, 4.0, 0.07261],
[3.96824, -0.22461, 4.0, 0.07243],
[3.68886, -0.15089, 4.0, 0.07224],
[3.41299, -0.06806, 4.0, 0.07201],
[3.14205, 0.02635, 4.0, 0.07173],
[2.87677, 0.13277, 4.0, 0.07146],
[2.61679, 0.24944, 4.0, 0.07124],
[2.36202, 0.37556, 4.0, 0.07107],
[2.1124, 0.5105, 4.0, 0.07094],
[1.86788, 0.65376, 3.77757, 0.07502],
[1.62843, 0.80493, 3.60507, 0.07855],
[1.39434, 0.96405, 3.60507, 0.07851],
[1.16618, 1.13152, 3.60507, 0.07851],
[0.94493, 1.30815, 3.60507, 0.07853],
[0.73179, 1.4948, 3.60507, 0.07859],
[0.52962, 1.69386, 3.60507, 0.0787],
[0.34031, 1.90587, 3.7599, 0.07559],
[0.16352, 2.12915, 4.0, 0.0712],
[-0.00224, 2.36149, 4.0, 0.07135],
[-0.15862, 2.60104, 4.0, 0.07152],
[-0.30706, 2.84633, 4.0, 0.07168],
[-0.44876, 3.09625, 4.0, 0.07182],
[-0.58477, 3.34979, 4.0, 0.07193],
[-0.71585, 3.60608, 4.0, 0.07197],
[-0.84265, 3.86423, 3.46522, 0.083],
[-0.96558, 4.12338, 2.92637, 0.09802],
[-1.08499, 4.38269, 2.58062, 0.11063],
[-1.20462, 4.63579, 2.58062, 0.10848],
[-1.32991, 4.88413, 2.58062, 0.10779],
[-1.46472, 5.12435, 2.58062, 0.10674],
[-1.61354, 5.35226, 2.58062, 0.10548],
[-1.78089, 5.56289, 2.58062, 0.10424],
[-1.97028, 5.75066, 2.75467, 0.09681],
[-2.17568, 5.91993, 2.75467, 0.09662],
[-2.39689, 6.06929, 2.75467, 0.09689],
[-2.63438, 6.19597, 3.05821, 0.08801],
[-2.8845, 6.30316, 3.27606, 0.08306],
[-3.14525, 6.39244, 3.49798, 0.07879],
[-3.41501, 6.46512, 3.74166, 0.07467],
[-3.69227, 6.52251, 3.97031, 0.07131],
[-3.97573, 6.56563, 4.0, 0.07168],
[-4.26402, 6.59553, 4.0, 0.07246],
[-4.55572, 6.61298, 4.0, 0.07306],
[-4.84936, 6.61847, 4.0, 0.07342],
[-5.14342, 6.61261, 3.78024, 0.0778],
[-5.43645, 6.5954, 3.51637, 0.08348],
[-5.72714, 6.56692, 3.08969, 0.09454],
[-6.01426, 6.5268, 2.76215, 0.10496],
[-6.29663, 6.47442, 2.45577, 0.11694],
[-6.57303, 6.40869, 2.45577, 0.11569],
[-6.84201, 6.32795, 2.45577, 0.11436],
[-7.10216, 6.23062, 2.45577, 0.11311],
[-7.35053, 6.11273, 2.45577, 0.11195],
[-7.58352, 5.97027, 2.45577, 0.1112],
[-7.79546, 5.79819, 2.71059, 0.10072],
[-7.9883, 5.60296, 2.92913, 0.09368],
[-8.16311, 5.38891, 3.14505, 0.08787],
[-8.32075, 5.15967, 3.29217, 0.08451],
[-8.46134, 4.91792, 3.42287, 0.0817],
[-8.58498, 4.6661, 3.3922, 0.0827],
[-8.6916, 4.40634, 3.20141, 0.08771],
[-8.78115, 4.14056, 3.00601, 0.0933],
[-8.85385, 3.87051, 2.63303, 0.10621],
[-8.90941, 3.59767, 2.35958, 0.118],
[-8.94731, 3.32344, 2.10536, 0.13149],
[-8.96567, 3.04924, 2.10536, 0.13053],
[-8.96249, 2.77681, 2.10536, 0.12941],
[-8.93556, 2.50816, 2.10536, 0.12824],
[-8.87877, 2.24677, 2.10536, 0.12705],
[-8.78637, 1.99743, 2.10536, 0.1263],
[-8.65109, 1.76749, 2.59185, 0.10293],
[-8.48816, 1.5528, 2.83873, 0.09494],
[-8.30206, 1.35234, 3.11481, 0.08782],
[-8.09642, 1.165, 3.4317, 0.08106],
[-7.87443, 0.98954, 3.86193, 0.07327],
[-7.63931, 0.82429, 4.0, 0.07184],
[-7.39382, 0.66765, 4.0, 0.0728],
[-7.14022, 0.51809, 4.0, 0.0736],
[-6.88076, 0.3738, 4.0, 0.07422],
[-6.61729, 0.233, 4.0, 0.07468],
[-6.35165, 0.09388, 4.0, 0.07497],
[-6.0854, -0.04677, 4.0, 0.07528],
[-5.81947, -0.18807, 4.0, 0.07528],
[-5.55369, -0.32968, 4.0, 0.07529],
[-5.28805, -0.47154, 4.0, 0.07529],
[-5.02252, -0.61363, 4.0, 0.07529],
[-4.75712, -0.75596, 4.0, 0.07529],
[-4.49183, -0.89852, 4.0, 0.07529],
[-4.22666, -1.04133, 4.0, 0.07529],
[-3.96161, -1.18436, 4.0, 0.0753],
[-3.69667, -1.32762, 4.0, 0.0753],
[-3.43185, -1.47112, 4.0, 0.0753],
[-3.16715, -1.61484, 4.0, 0.0753],
[-2.90257, -1.7588, 4.0, 0.0753],
[-2.6381, -1.90298, 4.0, 0.07531],
[-2.37374, -2.0474, 4.0, 0.07531],
[-2.10951, -2.19205, 4.0, 0.07531],
[-1.84539, -2.33694, 4.0, 0.07531],
[-1.58133, -2.48192, 4.0, 0.07531],
[-1.31726, -2.6269, 4.0, 0.07531],
[-1.05319, -2.77189, 4.0, 0.07531],
[-0.78912, -2.91687, 4.0, 0.07531],
[-0.52505, -3.06184, 4.0, 0.07531],
[-0.26098, -3.20682, 4.0, 0.07531]]